5729738
5759732
5760799
5763464
5763780
5765599
5766938
5771204
5773297
5774346
5774970
5779449
5779989
5780267
5780848
5781133
5781325
5782432
5782865
5783028
5783752
5785826
5786119
5786663
5786807
5787105
5787132
5787866
5789181
5789583
5789598
5790200
5790276
5790568
5790742
5791691
5791706
5792084
5792462
5793749
5793762
5793957
5794720
5794820
5795576
5795702
5796058
5796306
5796358
5796376
5797356
5797701
5797716
5797837
5798145
5798363
5798447
5798481
5798551
5798561
5798844
5799081
5799242
5799703
5799969
5800278
5800780
5800861
5800989
5801196
5801245
5801358
5802011
5802261
5802683
5802792
5803415
5803536
5803626
5804119
5804248
5804489
5804955
5805070
5805103
5805551
5806141
5806525
5806585
5806683
5806857
5807293
5807307
5807310
5807411
5807539
5807570
5807736
5807744
5807773
5807849
5807988
5808022
5808140
5808213
5808528
5808728
5808761
5808958
5808979
5809064
5809290
5809328
5809380
5809433
5809662
5809795
5809935
5810171
5810185
5810469
5810513
5810514
5810562
5810937
5811013
5811135
5811216
5811319
5811349
5811451
5811565
5811569
5811596
5811685
5811725
5811815
5811924
5811946
5812290
5812414
5812499
5812619
5812696
5812871
5813130
5813428
5813488
5813563
5813759
5813990
5814116
5814148
5814453
5814594
5814639
5814661
5814716
5814907
5814980
5814988
5815233
5815270
5815346
5815364
5815633
5815981
5816690
5816778
5817079
5817117
5817307
5817833
5817987
5818087
5818216
5818332
5818360
5818469
5818485
5818854
5818925
5818964
5818970
5818997
5819128
5819136
5819223
5819388
5819439
5819482
5819707
5819794
5819998
5820023
5820210
5820938
5820956
5821012
5821416
5821453
5821460
5821508
5821672
5821765
5821893
5822131
5822149
5822333
5822389
5822431
5822444
5822784
5822971
5822983
5822997
5823206
5823217
5823394
5823428
5823451
5823536
5823981
5823996
5824138
5824233
5824254
5824269
5824302
5824357
5824404
5824491
5824492
5825007
5825223
5825286
5825368
5825382
5825441
5825485
5825499
5825547
5825620
5825816
5826200
5826284
5826794
5827045
5827157
5827162
5827366
5827458
5827475
5827479
5827512
5827521
5827523
5827619
5827686
5827703
5827719
5827818
5827826
5827960
5828062
5828131
5828173
5828298
5828359
5828537
5828601
5828695
5828823
5828925
5829256
5829302
5829320
5829458
5829533
5829697
5830282
5830735
5830820
5830828
5830831
5830847
5831151
5831163
5831168
5831268
5831280
5831317
5831410
5831511
5832101
5832200
5832234
5832427
5832436
5832477
5832516
5832567
5832786
5832810
5832871
5832908
5833094
5833429
5833431
5833581
5833626
5833792
5833891
5833924
5833966
5833978
5834126
5834197
5834278
5834381
5834435
5834492
5834501
5834571
5834648
5834759
5834868
5834880
5834935
5834967
5835145
5835358
5835419
5835585
5835779
5835804
5835882
5835900
5836204
5836299
5836375
5836514
5836540
5836778
5836838
5836868
5836955
5836988
5837292
5837320
5837520
5837594
5837599
5837714
5837806
5838014
5838314
5838383
5838395
5838543
5838650
5838799
5839006
5839058
5839130
5839160
5839316
5839458
5839614
5839849
5840228
5840624
5840718
5841078
5841361
5841440
5841522
5841665
5841761
5841971
5842074
5842140
5842513
5842637
5842802
5843272
5843563
5843642
5843689
5843704
5843711
5843774
5843774
5843978
5844047
5844177
5844379
5844730
5844748
5844788
5844925
5844982
5845021
5845034
5845039
5845138
5845157
5845275
5845481
5845503
5845507
5845602
5845763
5845777
5845953
5846055
5846064
5846402
5846668
5846754
5846868
5846942
5846967
5847291
5847318
5847421
5847504
5847677
5847719
5847806
5848396
5848440
5848519
5848532
5848868
5849200
5849345
5849409
5849475
5849843
5850056
5850131
5850362
5850519
5850531
5850657
5850929
5851027
5851079
5851163
5851165
5851171
5851416
5851459
5851485
5851904
5851964
5852004
5852097
5852104
5852175
5852314
5852432
5852608
5852845
5852928
5852942
5852989
5853474
5853797
5853990
5854373
5854475
5854576
5854604
5854705
5854731
5855288
5855460
5855544
5855623
5855643
5855737
5855953
5855991
5856098
5856161
5856261
5856865
5858350
5858420
5859361
5859621
5859674
5859685
5859719
5859858
5859987
5860065
5860420
5860648
5860924
5861001
5861067
5861181
5861403
5861562
5861568
5861779
5861880
5862107
5862173
5862564
5862693
5862722
5862795
5863174
5863364
5863432
5863473
5863551
5863654
5863673
5863849
5863956
5864101
5864222
5864363
5864385
5864585
5864643
5864787
5864895
5865031
5865219
5865460
5865590
5865703
5865732
5866002
5866669
5866685
5866820
5867186
5867974
5868067
5868318
5869282
5869394
5869466
5869491
5869647
5869827
5870143
5870162
5870586
5870589
5870717
5870856
5870891
5871276
5871392
5872230
5872286
5872398
5872417
5872465
5872675
5872819
5872847
5873448
5873660
5873857
5874003
5874130
5874160
5874215
5874327
5874363
5874504
5874579
5874594
5874925
5875082
5875202
5875616
5875794
5875910
5876062
5876134
5876178
5876199
5876293
5876390
5876491
5876726
5876965
5877637
5878095
5878505
5878685
5879103
5879527
5879875
5880296
5880375
5880405
5880669
5880766
5880788
5881147
5881247
5881400
5881957
5881968
5882161
5882234
5882551
5883074
5883274
5883388
5883583
5883728
5884723
5885084
5885466
5885527
5886002
5887241
5887436
5887811
5888266
5888302
5888347
5888816
5888943
5889195
5889478
5889763
5890161
5890470
5890740
5891484
5891552
5891665
5891724
5892056
5892106
5892116
5892218
5892437
5893445
5894235
5894847
5895156
5895466
5895968
5896100
5896155
5896283
5897187
5897653
5897807
5898128
5898155
5898660
5898777
5898819
5899095
5899150
5900392
5900645
5900663
5902247
5902317
5902446
5902825
5903279
5904344
5904495
5904554
5904579
5905905
5905968
5906290
5906468
5906750
5907091
5907644
5907703
5907742
5908570
5908729
5908831
5908922
5909261
5909769
5910068
5910670
5910678
5911128
5911213
5911385
5911768
5912756
5913047
5914247
5914684
5915270
5915478
5915770
5915995
5916047
5916706
5917034
5917312
5918524
5918994
5919204
5919346
5919692
5920052
5920365
5921115
5922039
5922137
5922173
5922389
5922527
5922621
5923481
5923604
5924654
5924780
5925080
5925141
5925550
5926573
5927788
5928055
5928272
5929197
5929222
5929592
5929691
5929716
5929762
5930404
5930653
5930819
5931063
5931568
5931664
5932019
5932128
5932871
5932937
5933015
5933713
5934641
5934674
5934868
5935033
5936534
5937011
5937565
5937568
5937917
5938534
5938708
5938804
5938932
5939142
5939191
5939874
5940471
5940879
5941159
5942173
5942388
5942477
5943400
5944263
5945487
5945860
5946184
5946842
5947207
5947655
5948656
5949384
5949435
5949823
5950136
5951069
5951881
5952984
5953243
5953887
5954744
5954756
5955491
5955848
5955965
5956005
5956518
5957406
5957881
5958982
5959283
5959605
5959653
5959956
5960010
5961330
5961394
5961523
5962368
5962969
5963011
5963144
5963960
5964065
5964113
5964830
5965196
5966157
5966711
5967899
5970443
5971138
5973415
5973750
5974018
5974031
5974098
5974125
5974268
5974284
5975145
5976136
5976476
5977312
5979205
5979272
5980244
5980301
5982780
5983237
5983243
5984948
5985514
5985658
5986325
5986710
5992118
5993172
5994496
5994623
5995184
5996868
5999661
5999937
5999940
6000926
6001679
6002290
6003119
6003826
6006106
6006915
6007869
6010743
6011525
6013459
6013615
6014422
6014539
6015024
6015526
6016758
6017023
6022722
6022805
6026794
6028638
6031354
6035502
6038476
6039655
6040658
6040945
6044512
6048307
6049762
6053221
6053366
6054599
6054645
6058076
6062220
6065079
6066545
6067149
6067411
6073113
6074227
6076526
6086335
6093504
6097013
6099239
6101385
6104225
6110676
6112490
6114935
6115346
6118060
6119113
6124664
6131654
6144883
6150863
6153952
6164163
6166430
6172397
6179076
6180902
6186332
6198823
6207850
6227740
6229386
6239165
6258372
6280510
6284310
6303244
6315076
6321530
6331842
6346666
6350925
6364635
6367946
6368795
6374094
6377497
6379566
6383402
6385597
6392852
6399306
6405438
6407619
6412150
6414198
6419914
6425180
6428695
6436669
6437649
6450481
6459974
6468401
6477624
6485768
6487285
6487943
6491900
6499194
6501328
6504545
6508450
6512461
6522657
6525336
6528178
6533146
6533194
6535219
6535683
6541023
6542713
6549107
6553133
6556003
6567741
6573398
6573817
6585756
6631804
6636692
6691632
6745717
6901197
7605800
8190539
